mapa.jpg
550
605
300 start X
501 start Y

Pola punktowe
x - start
y - start 
x - koniec
y - koniec

//0
0
68 ,77

//1
1
165,77

//2
2
280,77

//3
0
340,77

//4
1
455,77

//5
2
553,77

//6
3
68 ,153

//7
4
165,153

//8
1
223,153

//9
7
280,153

//10
7
340,153

//11
1
398,153

//12
4
455,153

//13
5
553,153

//14
6
68 ,210

//15
5
165,210

//16
6
223,210


//17
2
280,210

//18
0
340,210

//19
8
398,210

//20
3
455,210

//21
8
553,210

//22
0
223,269

//23
7
280,269

//24
7
340,269

//25
2
398,269


//26
4
165,326

//27
5
223,326

//28
3
398,326

//29
4
455,326


//30
3
223,385

//31
5
398,385

//32
0
68 ,442

//33
4
165,442

//34
7
223,442


//35
2
280,442


//36
0
340,442

//37
7
398,442


//38
4
455,442

//39
2
553,442

//40
6
68 ,501

//41
2
108,501

//42
3
165,501

//43
1
223,501

//44
7
280,501

//45
7
340,501

//46
1
398,501

//47
5
455,501


//48
0
513,501

//49
8
553,501

//50
0
68 ,558

//51
7
108,558

//52
8
165,558

//53
6
223,558

//54
2
280,558

//55
0
340,558

//56
8
398,558

//57
6
455,558

//58
7
513,558

//59
2
553,558

//60
6
68 ,617

//61
7
280,617

//62
7
340,617

//63
8
553,617

//64 
9
20 ,326

//65
9
600,326

//66 
10
310,269
	

